1 0.282644973971
2 0.169447135099
3 0.116702968775
4 0.085433552721
5 0.0646835150587
6 0.0500545682207
7 0.0392498457454
8 0.0313430532369
9 0.0251943484689
10 0.0204358523489
11 0.0165389112681
12 0.0138014489957
13 0.0113775583935
14 0.00958357252634
15 0.0080424076536
16 0.00675805245606
17 0.00580076907901
18 0.00496069155133
19 0.00421204685902
20 0.00364289279991
21 0.00317560351041
22 0.00276875807516
23 0.00236651496384
24 0.00210203474877
25 0.00183203174499
26 0.00168629148727
27 0.00143684553036
28 0.00125674125397
29 0.00113646718865
30 0.00105209124997
31 0.000938874081338
32 0.000845293494799
33 0.000739746866048
34 0.000645552636319
35 0.000616097763179
36 0.000543381045114
37 0.000505641988903
38 0.000445198134647
39 0.000428936590101
40 0.000388129317939
41 0.000343333365038
42 0.000325537712516
43 0.000295469196186
44 0.00026509385826
45 0.000258650604761
46 0.000230729839597
47 0.000210786435908
48 0.000196365820933
49 0.000172126914912
50 0.000163229088651
51 0.00016200180227
52 0.000137456074653
53 0.000135001501892
54 0.00011720584937
55 0.000113523990227
56 9.32737649434e-05
57 9.72624456811e-05
58 0.000106467093537
59 9.35805865386e-05
60 8.43759386823e-05
61 7.79326851829e-05
62 7.76258635877e-05
63 6.4739356589e-05
64 6.28984270177e-05
65 5.52278871375e-05
66 5.1546027995e-05
67 5.12392063998e-05
68 4.93982768286e-05
69 4.57164176861e-05
70 4.84778120429e-05
71 3.77390562106e-05
72 3.80458778058e-05
73 3.58981266394e-05
74 4.08072721627e-05
75 3.34435538777e-05
76 3.28299106873e-05
77 3.16026243065e-05
78 2.7920765164e-05
79 2.42389060215e-05
80 2.45457276167e-05
81 2.3625262831e-05
82 2.63866571879e-05
83 2.54661924023e-05
84 1.81024741173e-05
85 1.90229389029e-05
86 1.6261544546e-05
87 2.23979764502e-05
88 1.96365820933e-05
89 1.81024741173e-05
90 1.68751877365e-05
91 1.71820093317e-05
92 1.25796854035e-05
93 1.68751877365e-05
94 1.10455774275e-05
95 1.07387558323e-05
96 1.01251126419e-05
97 9.51146945146e-06
98 1.13523990227e-05
99 1.13523990227e-05
100 9.20464785625e-06
101 8.59100466584e-06
102 6.75007509459e-06
103 7.363718285e-06
104 7.05689668979e-06
105 4.90914552333e-06
106 8.59100466584e-06
107 7.05689668979e-06
108 6.44325349938e-06
109 6.75007509459e-06
110 6.75007509459e-06
111 7.05689668979e-06
112 8.28418307063e-06
113 5.52278871375e-06
114 7.363718285e-06
115 5.82961030896e-06
116 4.90914552333e-06
117 4.29550233292e-06
118 5.52278871375e-06
119 6.44325349938e-06
120 6.44325349938e-06
121 4.29550233292e-06
122 5.21596711854e-06
123 4.90914552333e-06
124 3.98868073771e-06
125 4.29550233292e-06
126 3.98868073771e-06
127 3.37503754729e-06
128 3.37503754729e-06
129 3.6818591425e-06
130 3.06821595208e-06
131 1.53410797604e-06
132 2.76139435688e-06
133 3.06821595208e-06
134 3.37503754729e-06
135 1.84092957125e-06
136 3.37503754729e-06
137 4.29550233292e-06
138 2.76139435688e-06
139 2.76139435688e-06
140 2.45457276167e-06
141 2.76139435688e-06
142 2.76139435688e-06
143 3.37503754729e-06
144 3.37503754729e-06
145 2.76139435688e-06
146 3.06821595208e-06
147 1.53410797604e-06
148 2.14775116646e-06
149 1.53410797604e-06
150 1.22728638083e-06
151 1.53410797604e-06
152 2.45457276167e-06
153 1.84092957125e-06
154 1.84092957125e-06
155 1.22728638083e-06
156 1.53410797604e-06
157 1.53410797604e-06
158 2.45457276167e-06
159 3.06821595208e-07
160 1.53410797604e-06
161 1.53410797604e-06
162 2.45457276167e-06
163 2.14775116646e-06
164 1.22728638083e-06
165 9.20464785625e-07
166 1.53410797604e-06
167 1.22728638083e-06
168 1.84092957125e-06
169 9.20464785625e-07
170 9.20464785625e-07
171 1.22728638083e-06
172 1.22728638083e-06
173 2.45457276167e-06
174 1.84092957125e-06
175 1.53410797604e-06
176 1.53410797604e-06
177 3.06821595208e-07
178 9.20464785625e-07
179 1.22728638083e-06
180 9.20464785625e-07
181 9.20464785625e-07
182 6.13643190417e-07
183 6.13643190417e-07
184 1.22728638083e-06
185 3.06821595208e-07
186 3.06821595208e-07
187 3.06821595208e-07
188 3.06821595208e-07
189 6.13643190417e-07
190 1.22728638083e-06
191 6.13643190417e-07
192 9.20464785625e-07
193 1.84092957125e-06
194 9.20464785625e-07
195 3.06821595208e-07
196 9.20464785625e-07
197 1.22728638083e-06
198 1.53410797604e-06
199 9.20464785625e-07
200 6.13643190417e-07
201 1.22728638083e-06
202 6.13643190417e-07
716 3.06821595208e-07
205 1.22728638083e-06
206 6.13643190417e-07
207 9.20464785625e-07
208 6.13643190417e-07
209 3.06821595208e-07
210 3.06821595208e-07
211 3.06821595208e-07
212 6.13643190417e-07
213 9.20464785625e-07
214 3.06821595208e-07
215 9.20464785625e-07
216 6.13643190417e-07
217 3.06821595208e-07
218 1.22728638083e-06
219 6.13643190417e-07
220 6.13643190417e-07
221 1.22728638083e-06
223 1.53410797604e-06
225 1.53410797604e-06
226 6.13643190417e-07
227 3.06821595208e-07
228 3.06821595208e-07
230 6.13643190417e-07
231 1.22728638083e-06
232 6.13643190417e-07
233 1.53410797604e-06
234 1.22728638083e-06
235 9.20464785625e-07
236 3.06821595208e-07
237 9.20464785625e-07
238 3.06821595208e-07
239 3.06821595208e-07
240 6.13643190417e-07
241 6.13643190417e-07
242 9.20464785625e-07
243 6.13643190417e-07
244 6.13643190417e-07
245 3.06821595208e-07
246 9.20464785625e-07
247 3.06821595208e-07
248 3.06821595208e-07
249 3.06821595208e-07
250 3.06821595208e-07
251 1.53410797604e-06
253 6.13643190417e-07
605 3.06821595208e-07
255 3.06821595208e-07
256 3.06821595208e-07
257 3.06821595208e-07
258 3.06821595208e-07
259 3.06821595208e-07
260 3.06821595208e-07
261 6.13643190417e-07
262 6.13643190417e-07
263 3.06821595208e-07
264 3.06821595208e-07
265 3.06821595208e-07
266 3.06821595208e-07
267 6.13643190417e-07
268 3.06821595208e-07
269 3.06821595208e-07
270 3.06821595208e-07
271 3.06821595208e-07
272 3.06821595208e-07
273 6.13643190417e-07
275 6.13643190417e-07
276 6.13643190417e-07
277 3.06821595208e-07
278 9.20464785625e-07
279 6.13643190417e-07
280 3.06821595208e-07
281 3.06821595208e-07
282 3.06821595208e-07
284 3.06821595208e-07
285 3.06821595208e-07
286 9.20464785625e-07
287 6.13643190417e-07
289 6.13643190417e-07
290 3.06821595208e-07
291 3.06821595208e-07
292 3.06821595208e-07
293 3.06821595208e-07
294 6.13643190417e-07
295 3.06821595208e-07
296 6.13643190417e-07
297 3.06821595208e-07
299 6.13643190417e-07
305 3.06821595208e-07
311 3.06821595208e-07
360 3.06821595208e-07
339 3.06821595208e-07
654 3.06821595208e-07
633 3.06821595208e-07
779 3.06821595208e-07
658 3.06821595208e-07
382 3.06821595208e-07
401 3.06821595208e-07
411 3.06821595208e-07
678 3.06821595208e-07
630 3.06821595208e-07
613 3.06821595208e-07
204 3.06821595208e-07
254 6.13643190417e-07
