1 0.0591335457779
2 0.0878882182267
3 0.106368408384
4 0.110664836051
5 0.103312383981
6 0.0900986436439
7 0.0754033105176
8 0.0626441932904
9 0.0514757783985
10 0.0424354782133
11 0.0391808552944
12 0.0251664997323
13 0.0209849242191
14 0.0173455465838
15 0.0143737470946
16 0.0121245590754
17 0.0103051095331
18 0.00857371330892
19 0.00733378859451
20 0.00618143864765
21 0.00529420575668
22 0.00465294789588
23 0.00390305903927
24 0.0032665866849
25 0.00294691485579
26 0.00258608767143
27 0.00225110222177
28 0.00196588603891
29 0.00178212259223
30 0.00163472899438
31 0.00137822585006
32 0.00126863775296
33 0.0011054519839
34 0.001011656058
35 0.000924081290441
36 0.000836985073527
37 0.000743667698262
38 0.000673799304474
39 0.000659442785203
40 0.000535019618184
41 0.000512049187349
42 0.000505828028998
43 0.000457015863475
44 0.000433088331356
45 0.000397197033177
46 0.000351734722151
47 0.000360348633714
48 0.000327807190032
49 0.00032541443682
50 0.000292872993138
51 0.000267031258449
52 0.000247410682112
53 0.000219176194211
54 0.000211997934575
55 0.000196205763377
56 0.000179935041536
57 0.000180413592178
58 0.000170842579331
59 0.000147872148496
60 0.000138779686291
61 0.000151700553635
62 0.000137344034364
63 0.000129687224086
64 0.000105281141324
65 9.1403172695e-05
66 0.000100974185543
67 0.000107195343894
68 9.95385336156e-05
69 8.47034637017e-05
70 9.33173752646e-05
71 7.46539002117e-05
72 7.1304045715e-05
73 8.51820143441e-05
74 6.65185392912e-05
75 6.5082887364e-05
76 6.5082887364e-05
77 6.55614380064e-05
78 6.36472354369e-05
79 5.98188302978e-05
80 6.26901341521e-05
81 5.07263680925e-05
82 5.21620200197e-05
83 5.5033323874e-05
84 4.16339058873e-05
85 4.16339058873e-05
86 5.16834693773e-05
87 5.12049187349e-05
88 5.12049187349e-05
89 4.21124565297e-05
90 4.01982539601e-05
91 3.82840513906e-05
92 3.97197033177e-05
93 2.77559372582e-05
94 3.63698488211e-05
95 3.01486904701e-05
96 3.68483994634e-05
97 3.34985449668e-05
98 2.48846334039e-05
99 2.44060827615e-05
100 2.53631840463e-05
101 2.87130385429e-05
102 2.77559372582e-05
103 2.77559372582e-05
104 2.34489814767e-05
105 2.96701398277e-05
106 2.58417346887e-05
107 2.58417346887e-05
108 1.96205763377e-05
109 1.86634750529e-05
110 2.39275321191e-05
111 2.20133295496e-05
112 1.91420256953e-05
113 1.91420256953e-05
114 1.81849244105e-05
115 1.57921711986e-05
116 1.57921711986e-05
117 1.10066647748e-05
118 2.48846334039e-05
119 1.53136205562e-05
120 1.6270721841e-05
121 1.10066647748e-05
122 1.48350699139e-05
123 1.33994179867e-05
124 1.57921711986e-05
125 1.29208673443e-05
126 1.29208673443e-05
127 8.61391156288e-06
128 1.19637660596e-05
129 1.10066647748e-05
130 1.14852154172e-05
131 1.24423167019e-05
132 5.74260770859e-06
133 8.1353609205e-06
134 9.09246220527e-06
135 6.22115835097e-06
136 4.78550642382e-06
137 6.22115835097e-06
138 8.1353609205e-06
139 6.69970899335e-06
140 5.26405706621e-06
141 1.05281141324e-05
142 5.26405706621e-06
143 7.65681027812e-06
144 8.61391156288e-06
145 7.65681027812e-06
146 7.65681027812e-06
147 4.78550642382e-06
148 6.69970899335e-06
149 2.39275321191e-06
150 7.65681027812e-06
151 7.17825963574e-06
152 5.74260770859e-06
153 4.78550642382e-06
154 5.74260770859e-06
155 7.65681027812e-06
156 3.82840513906e-06
157 6.69970899335e-06
158 3.82840513906e-06
159 4.78550642382e-06
160 4.30695578144e-06
161 1.004956349e-05
162 6.69970899335e-06
163 4.78550642382e-06
164 7.17825963574e-06
165 2.87130385429e-06
166 3.82840513906e-06
167 2.39275321191e-06
168 5.26405706621e-06
169 2.39275321191e-06
170 5.74260770859e-06
171 6.22115835097e-06
172 2.87130385429e-06
173 5.74260770859e-06
174 5.74260770859e-06
175 2.87130385429e-06
176 2.39275321191e-06
177 1.91420256953e-06
178 4.78550642382e-06
179 2.87130385429e-06
180 8.61391156288e-06
181 1.91420256953e-06
182 4.30695578144e-06
183 6.22115835097e-06
184 2.39275321191e-06
185 1.91420256953e-06
186 1.43565192715e-06
187 2.39275321191e-06
188 2.87130385429e-06
189 4.30695578144e-06
190 3.34985449668e-06
191 3.82840513906e-06
192 1.91420256953e-06
193 2.39275321191e-06
194 2.39275321191e-06
195 3.82840513906e-06
196 2.39275321191e-06
197 4.30695578144e-06
198 2.87130385429e-06
199 1.91420256953e-06
200 3.34985449668e-06
201 2.39275321191e-06
202 9.57101284765e-07
203 1.43565192715e-06
204 1.43565192715e-06
205 1.91420256953e-06
206 9.57101284765e-07
207 1.91420256953e-06
208 2.39275321191e-06
209 2.87130385429e-06
210 3.82840513906e-06
211 1.91420256953e-06
212 2.39275321191e-06
213 3.34985449668e-06
214 2.39275321191e-06
215 1.91420256953e-06
216 9.57101284765e-07
217 3.34985449668e-06
218 1.91420256953e-06
219 2.87130385429e-06
220 2.87130385429e-06
221 1.91420256953e-06
222 4.78550642382e-07
223 2.39275321191e-06
224 9.57101284765e-07
225 9.57101284765e-07
226 2.39275321191e-06
227 1.91420256953e-06
228 1.43565192715e-06
229 2.39275321191e-06
230 4.78550642382e-07
231 9.57101284765e-07
232 1.43565192715e-06
233 9.57101284765e-07
234 9.57101284765e-07
235 4.78550642382e-07
236 1.91420256953e-06
237 2.39275321191e-06
238 9.57101284765e-07
239 3.34985449668e-06
240 1.43565192715e-06
241 2.39275321191e-06
242 1.91420256953e-06
243 1.91420256953e-06
244 1.43565192715e-06
245 1.91420256953e-06
246 1.43565192715e-06
247 4.78550642382e-07
248 9.57101284765e-07
249 1.91420256953e-06
250 1.43565192715e-06
251 1.43565192715e-06
252 9.57101284765e-07
253 1.43565192715e-06
254 1.91420256953e-06
255 1.43565192715e-06
256 4.78550642382e-07
257 4.78550642382e-07
258 9.57101284765e-07
259 4.78550642382e-07
260 9.57101284765e-07
261 9.57101284765e-07
262 1.91420256953e-06
263 4.78550642382e-07
264 1.91420256953e-06
265 1.91420256953e-06
266 4.78550642382e-07
267 1.43565192715e-06
268 2.39275321191e-06
269 2.39275321191e-06
270 2.39275321191e-06
271 9.57101284765e-07
272 4.78550642382e-07
273 4.78550642382e-07
274 4.78550642382e-07
275 9.57101284765e-07
276 1.43565192715e-06
277 4.78550642382e-07
278 4.78550642382e-07
279 4.78550642382e-07
280 4.78550642382e-07
281 9.57101284765e-07
282 1.91420256953e-06
283 1.43565192715e-06
284 4.78550642382e-07
285 4.78550642382e-07
286 9.57101284765e-07
287 1.43565192715e-06
288 1.43565192715e-06
289 9.57101284765e-07
290 4.78550642382e-07
291 4.78550642382e-07
292 9.57101284765e-07
293 4.78550642382e-07
294 4.78550642382e-07
295 4.78550642382e-07
296 4.78550642382e-07
297 1.43565192715e-06
298 4.78550642382e-07
299 4.78550642382e-07
300 4.78550642382e-07
303 4.78550642382e-07
305 4.78550642382e-07
306 1.43565192715e-06
308 4.78550642382e-07
312 9.57101284765e-07
313 4.78550642382e-07
316 4.78550642382e-07
320 4.78550642382e-07
321 4.78550642382e-07
323 4.78550642382e-07
325 1.43565192715e-06
333 9.57101284765e-07
337 1.43565192715e-06
340 4.78550642382e-07
341 9.57101284765e-07
343 4.78550642382e-07
344 4.78550642382e-07
348 9.57101284765e-07
352 4.78550642382e-07
353 9.57101284765e-07
354 4.78550642382e-07
355 4.78550642382e-07
356 4.78550642382e-07
357 4.78550642382e-07
362 4.78550642382e-07
365 4.78550642382e-07
366 4.78550642382e-07
373 4.78550642382e-07
375 4.78550642382e-07
376 4.78550642382e-07
381 4.78550642382e-07
386 4.78550642382e-07
400 4.78550642382e-07
401 4.78550642382e-07
403 4.78550642382e-07
405 9.57101284765e-07
406 9.57101284765e-07
407 9.57101284765e-07
409 4.78550642382e-07
413 4.78550642382e-07
414 4.78550642382e-07
416 4.78550642382e-07
420 4.78550642382e-07
430 4.78550642382e-07
445 9.57101284765e-07
446 4.78550642382e-07
450 4.78550642382e-07
451 4.78550642382e-07
453 9.57101284765e-07
466 4.78550642382e-07
469 4.78550642382e-07
519 4.78550642382e-07
584 4.78550642382e-07
595 9.57101284765e-07
596 9.57101284765e-07
597 4.78550642382e-07
606 4.78550642382e-07
611 4.78550642382e-07
612 4.78550642382e-07
621 4.78550642382e-07
623 9.57101284765e-07
624 4.78550642382e-07
626 9.57101284765e-07
737 4.78550642382e-07
745 4.78550642382e-07
770 4.78550642382e-07
