1 0.176767572413
2 0.103811170731
3 0.0772861938306
4 0.0657876751519
5 0.0589519280489
6 0.0538963096237
7 0.049556186371
8 0.0452486458307
9 0.0410097144165
10 0.0372526362858
11 0.0335774122863
12 0.0298253672575
13 0.0263329243276
14 0.0230669709839
15 0.0202849901245
16 0.0176540023226
17 0.0155361260162
18 0.0136752028075
19 0.0118693788199
20 0.0104479248786
21 0.00924236451949
22 0.00805905576889
23 0.00701111096983
24 0.00619442395884
25 0.00543575006993
26 0.00486674465326
27 0.00428290483093
28 0.00380502504895
29 0.00341694640117
30 0.00303919885733
31 0.00274092134374
32 0.00246886894015
33 0.00220873704109
34 0.00197430045181
35 0.00179920148514
36 0.00163416872229
37 0.00147575846197
38 0.00128105688783
39 0.00119019615323
40 0.00107761361036
41 0.000991521077571
42 0.000913905348015
43 0.000836819418661
44 0.000769004992837
45 0.000716819672965
46 0.000624104637659
47 0.000609535132111
48 0.000540926005985
49 0.000534833303665
50 0.000484767184599
51 0.00042145606049
52 0.000427018962609
53 0.00037271444193
54 0.000360264137189
55 0.000319999321856
56 0.000308608617518
57 0.000275496104909
58 0.000284502708339
59 0.000241588891997
60 0.000232847188668
61 0.000230198187659
62 0.000214039281506
63 0.000201059176563
64 0.000169271164458
65 0.000166887063551
66 0.0001515228577
67 0.000159734760827
68 0.000136688452051
69 0.000135363951547
70 0.000137218252253
71 0.000121854046402
72 0.000112847442972
73 0.000112317642771
74 0.000100662038332
75 8.8211733591e-05
76 9.50991362138e-05
77 8.58276326832e-05
78 8.47680322797e-05
79 8.02647305648e-05
80 7.28475277403e-05
81 7.70859293543e-05
82 6.56952250167e-05
83 6.83442260255e-05
84 6.67548254202e-05
85 5.11257194687e-05
86 5.58939212844e-05
87 5.80131220914e-05
88 4.47681170477e-05
89 4.71522179556e-05
90 4.18542159381e-05
91 4.87416185608e-05
92 4.76820181573e-05
93 3.94701150302e-05
94 4.13244157363e-05
95 3.7880714425e-05
96 4.13244157363e-05
97 3.68211140215e-05
98 3.28476125084e-05
99 3.44370131136e-05
100 2.96688112979e-05
101 2.78145105918e-05
102 3.20529122057e-05
103 3.28476125084e-05
104 2.62251099865e-05
105 2.3046308776e-05
106 2.99337113988e-05
107 2.70198102891e-05
108 2.22516084734e-05
109 2.11920080699e-05
110 2.22516084734e-05
111 2.19867083725e-05
112 2.14569081708e-05
113 1.96026074647e-05
114 1.93377073638e-05
115 1.85430070612e-05
116 1.45695055481e-05
117 1.35099051446e-05
118 1.80132068594e-05
119 1.74834066577e-05
120 1.64238062542e-05
121 1.43046054472e-05
122 1.50993057498e-05
123 1.58940060524e-05
124 1.2715204842e-05
125 1.40397053463e-05
126 1.37748052454e-05
127 1.13907043376e-05
128 1.00662038332e-05
129 8.74170332884e-06
130 1.11258042367e-05
131 1.03311039341e-05
132 7.68210292534e-06
133 7.68210292534e-06
134 1.24503047411e-05
135 7.68210292534e-06
136 6.0927023201e-06
137 7.1523027236e-06
138 7.94700302622e-06
139 8.74170332884e-06
140 5.56290211835e-06
141 8.21190312709e-06
142 5.29800201748e-06
143 9.80130373234e-06
144 7.94700302622e-06
145 8.21190312709e-06
146 6.88740262272e-06
147 4.76820181573e-06
148 5.29800201748e-06
149 5.03310191661e-06
150 5.03310191661e-06
151 4.23840161398e-06
152 6.35760242098e-06
153 5.29800201748e-06
154 4.76820181573e-06
155 4.23840161398e-06
156 3.17880121049e-06
157 7.1523027236e-06
158 3.70860141224e-06
159 5.56290211835e-06
160 3.70860141224e-06
161 4.76820181573e-06
162 5.82780221923e-06
163 4.76820181573e-06
164 5.29800201748e-06
165 3.17880121049e-06
166 4.23840161398e-06
167 3.44370131136e-06
168 2.91390110961e-06
169 1.58940060524e-06
170 4.23840161398e-06
171 2.38410090787e-06
172 3.17880121049e-06
173 3.97350151311e-06
174 5.03310191661e-06
175 2.11920080699e-06
176 2.38410090787e-06
177 2.64900100874e-06
178 4.76820181573e-06
179 2.91390110961e-06
180 3.70860141224e-06
181 1.85430070612e-06
182 2.11920080699e-06
183 2.38410090787e-06
184 2.91390110961e-06
185 2.11920080699e-06
186 7.94700302622e-07
187 1.85430070612e-06
188 1.32450050437e-06
189 2.11920080699e-06
190 1.85430070612e-06
191 3.44370131136e-06
192 1.32450050437e-06
193 7.94700302622e-07
194 2.64900100874e-06
195 2.11920080699e-06
196 1.32450050437e-06
197 2.64900100874e-06
198 1.0596004035e-06
199 1.0596004035e-06
200 1.32450050437e-06
201 1.85430070612e-06
202 1.85430070612e-06
203 1.58940060524e-06
204 1.32450050437e-06
205 1.32450050437e-06
206 1.0596004035e-06
207 1.0596004035e-06
208 1.85430070612e-06
209 1.32450050437e-06
210 1.32450050437e-06
211 1.85430070612e-06
212 1.0596004035e-06
213 1.58940060524e-06
214 7.94700302622e-07
215 1.32450050437e-06
216 1.58940060524e-06
217 1.32450050437e-06
218 1.85430070612e-06
219 2.38410090787e-06
220 5.29800201748e-07
221 1.58940060524e-06
222 1.32450050437e-06
223 1.58940060524e-06
224 1.32450050437e-06
226 1.58940060524e-06
227 5.29800201748e-07
228 1.58940060524e-06
229 1.58940060524e-06
230 5.29800201748e-07
231 5.29800201748e-07
232 7.94700302622e-07
233 1.0596004035e-06
234 5.29800201748e-07
235 5.29800201748e-07
236 7.94700302622e-07
237 1.32450050437e-06
238 5.29800201748e-07
239 1.58940060524e-06
240 7.94700302622e-07
241 2.11920080699e-06
242 1.32450050437e-06
243 1.0596004035e-06
244 7.94700302622e-07
245 1.32450050437e-06
246 1.32450050437e-06
247 5.29800201748e-07
248 2.64900100874e-07
249 5.29800201748e-07
250 5.29800201748e-07
251 1.32450050437e-06
252 5.29800201748e-07
253 7.94700302622e-07
254 7.94700302622e-07
255 5.29800201748e-07
256 5.29800201748e-07
257 7.94700302622e-07
258 2.64900100874e-07
259 5.29800201748e-07
260 2.64900100874e-07
261 2.64900100874e-07
262 7.94700302622e-07
264 2.64900100874e-07
265 7.94700302622e-07
266 7.94700302622e-07
267 5.29800201748e-07
268 1.85430070612e-06
269 1.0596004035e-06
270 7.94700302622e-07
271 2.64900100874e-07
275 2.64900100874e-07
276 7.94700302622e-07
278 5.29800201748e-07
280 2.64900100874e-07
281 5.29800201748e-07
282 7.94700302622e-07
283 5.29800201748e-07
284 5.29800201748e-07
286 5.29800201748e-07
287 2.64900100874e-07
288 7.94700302622e-07
289 5.29800201748e-07
290 2.64900100874e-07
292 2.64900100874e-07
293 2.64900100874e-07
296 5.29800201748e-07
299 6.41058244115e-05
300 1.03311039341e-05
301 2.91390110961e-06
302 1.32450050437e-06
303 7.94700302622e-07
304 7.94700302622e-07
305 5.29800201748e-07
306 2.64900100874e-07
307 5.29800201748e-07
308 5.29800201748e-07
312 2.64900100874e-07
313 2.64900100874e-07
314 2.64900100874e-07
316 2.64900100874e-07
318 2.64900100874e-07
321 2.64900100874e-07
324 2.64900100874e-07
325 5.29800201748e-07
326 5.29800201748e-07
333 2.64900100874e-07
337 5.29800201748e-07
339 2.64900100874e-07
340 2.64900100874e-07
341 5.29800201748e-07
342 5.29800201748e-07
343 5.29800201748e-07
344 2.64900100874e-07
348 5.29800201748e-07
352 2.64900100874e-07
353 5.29800201748e-07
354 2.64900100874e-07
355 2.64900100874e-07
356 2.64900100874e-07
357 2.64900100874e-07
362 2.64900100874e-07
366 5.29800201748e-07
373 2.64900100874e-07
375 2.64900100874e-07
376 2.64900100874e-07
381 2.64900100874e-07
382 2.64900100874e-07
384 2.64900100874e-07
386 2.64900100874e-07
400 2.64900100874e-07
402 2.64900100874e-07
403 2.64900100874e-07
404 2.64900100874e-07
405 5.29800201748e-07
406 5.29800201748e-07
407 5.29800201748e-07
409 2.64900100874e-07
414 5.29800201748e-07
416 2.64900100874e-07
419 2.64900100874e-07
420 2.64900100874e-07
430 2.64900100874e-07
445 5.29800201748e-07
446 2.64900100874e-07
450 2.64900100874e-07
451 2.64900100874e-07
453 5.29800201748e-07
466 2.64900100874e-07
469 2.64900100874e-07
519 2.64900100874e-07
584 2.64900100874e-07
595 2.64900100874e-07
596 5.29800201748e-07
597 5.29800201748e-07
605 2.64900100874e-07
606 2.64900100874e-07
611 2.64900100874e-07
612 2.64900100874e-07
619 2.64900100874e-07
621 2.64900100874e-07
623 5.29800201748e-07
624 2.64900100874e-07
626 5.29800201748e-07
631 2.64900100874e-07
635 2.64900100874e-07
660 2.64900100874e-07
661 2.64900100874e-07
692 2.64900100874e-07
725 2.64900100874e-07
738 2.64900100874e-07
745 2.64900100874e-07
770 2.64900100874e-07
793 2.64900100874e-07
